屯門|Brown|50|2|4|10|30|90|160|250|50|50|30
關愛站|公益福利卡
元朗|Brown|60|4|8|20|60|180|320|450|50|50|40
課程費用|Fee|200
八鄉車廠|Train|200|25|50|100|200|100
大埔墟|Lightblue|100|6|12|30|90|270|400|550|50|50|50
客務中心|機會卡
大圍|Lightblue|100|6|12|30|90|270|400|550|50|50|50
紅磡|Lightblue|120|8|16|40|100|300|450|600|50|50|60
VISIT|OTE
寶琳|Pink|140|10|20|50|150|450|625|750|100|100|70
港鐵商場|double|150|75
將軍澳|Pink|140|10|20|50|150|450|625|750|100|100|70
調景嶺|Pink|160|12|24|60|180|500|700|900|100|100|80
將軍澳車廠|Train|200|25|50|100|200|100
東涌|Orange|180|14|28|70|200|550|750|950|100|100|90
關愛站|公益福利卡
青衣|Orange|180|14|28|70|200|550|750|950|100|100|90
奥運|Orange|200|16|32|80|220|600|800|1000|100|100|100
PARKING|OTE
荃灣|Red|220|18|36|90|250|700|875|1050|150|150|110
旺角|Red|220|18|36|90|250|700|875|1050|150|150|110
尖沙咀|Red|240|20|40|100|300|750|925|1100|150|150|120
黃竹坑車廠|Train|200|25|50|100|200|100
海怡半島|Yellow|260|22|44|110|330|800|975|1150|150|150|130
利東|Yellow|250|22|44|110|330|800|975|1150|150|150|130
MTR Mobile|double|150|75
黃竹坑|Yellow|280|24|48|120|360|850|1025|1200|150|150|140
GOTOJAIL|GOTOJAIL
觀塘|Green|300|26|52|130|390|900|1100|1275|200|200|150
九龍塘|Green|300|26|52|130|390|900|1100|1275|200|200|150
關愛站|公益福利卡
何文田|Green|320|28|56|150|450|1000|1200|1400|200|200|160
九龍灣車廠|Train|200|25|50|100|200|100
客務中心|機會卡
堅尼地城|Blue|350|35|70|175|500|1100|1300|1500|200|200|175
投資|Fee|100
金鐘|Blue|400|50|100|200|600|1400|1700|2000|200|200|200

監獄